10
17  8 18 15 
19  7  3 16 
10 12  2  1 
 5 11  4 4136424 

13  8 18  9 
 6 17  3 15 
 7 14 16  2 
12  5 19 4136424 

13  1  4  9 
 6 10 17  8 
15 11  7 18 
12 14 19 4136424 

 3  2  4  5 
 9 13  6  1 
 8 10 15 11 
16 12 17 4136424 

 3 14 18  2 
 9  7 13  5 
 6  8  4  1 
10 12 15 4136424 

 3 11 14 19 
 2 16 13 17 
 7  6  5 18 
 4 12  8 4136424 

10  9  3 19 
11 16 15 13 
14  2 17  1 
18  6 12 4136424 

 8  9  4 10 
19 11 16  5 
 3  2 14 15 
17 13  7 4136424 

 1 12  8  6 
18 19  9  4 
 5  2 10 16 
 3 14 15 4136424 

 1 12 13 11 
 7  6 18  8 
 4  5 19 16 
 2 17 14 4136424 

