100.
1.
| 10 || 15 ||  1 ||  2 |
| 11 ||  6 ||  7 ||  9 |
|  8 || 16 || 18 ||  5 |
|  4 || 19 || 12 ||  0 |
2.
|  3 || 17 || 10 || 15 |
| 13 || 11 ||  1 ||  6 |
|  9 ||  8 ||  7 || 16 |
| 14 ||  5 || 18 ||  0 |
3.
| 12 ||  3 || 17 ||  4 |
|  2 || 13 || 11 || 10 |
| 15 ||  1 || 19 ||  7 |
| 16 ||  9 ||  8 ||  0 |
4.
| 18 || 12 ||  3 || 17 |
|  2 ||  4 || 13 || 11 |
|  6 ||  1 || 15 || 14 |
| 16 ||  5 || 10 ||  0 |
5.
|  8 ||  7 ||  3 || 18 |
| 12 ||  9 || 13 || 19 |
| 17 ||  6 ||  2 ||  1 |
| 11 ||  5 || 15 ||  0 |
6.
|  4 || 16 || 10 ||  3 |
|  8 || 12 || 13 || 18 |
|  7 ||  6 ||  9 ||  2 |
| 11 || 19 ||  5 ||  0 |
7.
| 17 ||  4 || 16 || 15 |
|  1 || 12 ||  8 || 10 |
| 13 ||  3 ||  9 ||  7 |
| 18 ||  2 ||  5 ||  0 |
8.
| 19 || 17 || 14 ||  6 |
| 16 || 11 ||  8 ||  4 |
| 12 || 13 || 15 ||  3 |
|  1 ||  9 ||  5 ||  0 |
9.
|  2 ||  7 || 17 || 19 |
|  6 || 16 || 14 || 10 |
| 12 || 13 ||  4 ||  8 |
|  3 || 15 || 18 ||  0 |
10.
|  1 ||  2 ||  5 || 19 |
|  7 || 17 || 16 || 10 |
| 14 || 12 ||  9 ||  8 |
|  6 || 15 || 11 ||  0 |
11.
|  4 ||  3 ||  1 ||  2 |
|  5 || 13 || 18 || 16 |
| 19 || 14 || 17 ||  8 |
| 10 || 15 ||  7 ||  0 |
12.
|  9 ||  6 || 11 || 12 |
|  1 ||  5 ||  2 || 13 |
|  4 || 18 || 16 || 17 |
| 19 || 15 || 10 ||  0 |
13.
|  8 || 14 ||  6 || 11 |
|  7 ||  3 ||  1 ||  2 |
| 13 ||  5 || 16 ||  9 |
| 19 ||  4 || 10 ||  0 |
14.
| 15 || 17 ||  8 || 12 |
| 18 ||  6 ||  1 || 14 |
| 11 ||  7 ||  2 || 16 |
| 19 || 13 ||  9 ||  0 |
15.
|  3 || 17 ||  4 ||  5 |
|  8 || 18 || 10 || 15 |
| 12 || 14 || 11 || 16 |
| 19 ||  1 ||  2 ||  0 |
16.
|  3 ||  7 ||  4 ||  9 |
| 13 ||  6 ||  8 || 18 |
| 17 || 15 ||  5 || 11 |
| 14 || 19 || 12 ||  0 |
17.
| 16 ||  2 ||  3 ||  7 |
|  4 ||  6 || 13 ||  9 |
|  8 || 10 ||  5 || 18 |
| 15 || 14 || 19 ||  0 |
18.
| 17 || 16 ||  3 ||  7 |
|  4 || 12 || 13 ||  2 |
|  6 ||  9 || 10 ||  5 |
|  1 || 15 ||  8 ||  0 |
19.
| 19 || 17 || 16 || 11 |
| 18 ||  7 || 13 ||  4 |
|  3 ||  2 ||  6 || 12 |
|  9 ||  1 ||  5 ||  0 |
20.
| 15 || 17 || 16 || 11 |
| 19 || 10 || 14 ||  7 |
|  8 || 13 ||  2 ||  4 |
| 12 ||  6 ||  9 ||  0 |
21.
|  1 || 15 ||  5 || 17 |
| 16 ||  3 || 14 || 11 |
| 18 || 10 ||  7 ||  2 |
| 13 || 12 ||  8 ||  0 |
22.
| 19 ||  6 ||  4 || 15 |
| 16 ||  9 ||  1 ||  5 |
| 14 || 18 || 17 || 11 |
|  3 || 12 ||  8 ||  0 |
23.
| 13 || 19 || 10 ||  2 |
| 16 ||  7 ||  1 ||  5 |
|  9 || 14 || 18 || 17 |
| 11 ||  4 || 15 ||  0 |
24.
|  8 ||  3 || 10 ||  6 |
| 13 ||  2 || 16 || 19 |
|  1 || 14 ||  7 ||  9 |
| 12 ||  4 || 11 ||  0 |
25.
|  5 ||  3 ||  8 || 18 |
| 17 ||  6 || 10 || 13 |
| 15 ||  2 || 19 || 16 |
| 14 ||  9 ||  7 ||  0 |
26.
| 12 ||  5 ||  4 ||  8 |
| 11 ||  6 ||  1 || 17 |
| 10 ||  3 || 15 ||  2 |
| 14 ||  9 || 19 ||  0 |
27.
| 13 ||  5 || 12 ||  8 |
|  7 || 18 || 16 || 11 |
| 17 ||  1 ||  3 ||  2 |
| 10 || 14 || 19 ||  0 |
28.
| 13 ||  6 ||  5 || 15 |
|  7 ||  8 ||  9 || 12 |
| 11 || 16 || 17 ||  1 |
| 10 || 14 || 18 ||  0 |
29.
| 19 ||  3 ||  2 || 13 |
|  4 || 15 ||  9 ||  8 |
|  6 || 11 || 12 ||  1 |
|  5 || 17 || 10 ||  0 |
30.
| 14 || 19 || 18 ||  2 |
|  7 ||  4 ||  9 || 16 |
|  6 ||  3 || 12 || 13 |
|  5 ||  1 || 11 ||  0 |
31.
| 17 ||  8 || 14 || 10 |
| 19 ||  7 ||  9 || 18 |
| 16 ||  3 || 15 ||  6 |
| 12 || 13 ||  2 ||  0 |
32.
| 17 || 11 || 14 ||  4 |
|  5 || 19 ||  1 || 10 |
|  8 ||  9 ||  3 || 18 |
|  6 || 15 ||  7 ||  0 |
33.
|  2 || 16 || 14 || 13 |
| 11 || 19 || 12 ||  4 |
| 10 ||  9 || 17 || 18 |
|  1 ||  8 ||  7 ||  0 |
34.
|  6 ||  2 || 15 || 14 |
| 13 ||  3 || 11 || 19 |
| 10 || 12 || 17 ||  5 |
|  4 ||  9 ||  7 ||  0 |
35.
| 18 ||  2 ||  6 || 16 |
|  1 || 15 || 11 || 13 |
| 10 || 14 || 19 ||  5 |
| 12 ||  8 ||  7 ||  0 |
36.
| 17 ||  3 ||  9 ||  6 |
|  4 || 18 ||  2 || 13 |
| 15 ||  1 || 11 || 16 |
|  5 || 10 ||  8 ||  0 |
37.
| 12 || 14 || 17 ||  3 |
|  9 ||  6 || 19 ||  7 |
| 13 || 15 ||  4 ||  2 |
|  1 || 11 || 18 ||  0 |
38.
|  8 || 12 || 10 || 17 |
|  3 ||  6 || 19 ||  7 |
| 16 ||  5 ||  4 ||  2 |
| 15 ||  1 || 14 ||  0 |
39.
|  9 || 11 || 10 || 13 |
| 17 ||  8 || 18 ||  3 |
| 19 || 16 ||  5 ||  6 |
|  7 || 15 || 12 ||  0 |
40.
| 14 ||  9 || 11 ||  4 |
|  2 ||  1 || 10 || 17 |
|  8 || 18 ||  5 ||  3 |
|  6 || 15 || 13 ||  0 |
41.
|  7 || 14 || 11 ||  9 |
|  2 ||  1 || 19 ||  4 |
| 17 || 12 ||  8 ||  5 |
| 18 || 10 || 16 ||  0 |
42.
|  7 || 15 || 13 || 11 |
|  3 ||  9 ||  6 ||  1 |
|  2 || 17 || 12 || 14 |
| 18 ||  8 ||  4 ||  0 |
43.
|  7 || 10 || 15 || 16 |
| 13 || 11 ||  5 ||  6 |
|  1 ||  3 || 12 || 14 |
|  9 || 19 ||  4 ||  0 |
44.
|  2 ||  7 || 18 || 15 |
| 17 || 16 || 13 || 10 |
| 11 ||  1 ||  6 || 14 |
| 12 ||  5 ||  8 ||  0 |
45.
|  2 ||  9 ||  7 || 18 |
| 17 || 16 ||  3 || 15 |
| 10 ||  1 || 19 ||  4 |
| 14 ||  6 || 12 ||  0 |
46.
| 11 ||  8 ||  7 ||  5 |
| 13 ||  2 || 18 || 17 |
|  3 ||  9 || 19 ||  1 |
|  4 || 16 || 15 ||  0 |
47.
| 12 || 10 ||  6 || 11 |
|  7 ||  5 || 14 || 13 |
| 18 ||  3 ||  2 ||  8 |
|  9 || 16 || 17 ||  0 |
48.
| 12 || 15 ||  1 ||  4 |
|  6 || 10 || 11 || 13 |
| 14 || 19 ||  3 ||  5 |
|  8 ||  7 || 16 ||  0 |
49.
| 12 || 17 || 15 ||  9 |
|  4 || 18 || 11 ||  2 |
| 13 || 19 || 14 ||  1 |
|  8 ||  5 ||  6 ||  0 |
50.
| 12 ||  3 || 15 || 10 |
|  7 ||  9 || 11 || 17 |
| 18 ||  4 || 19 || 16 |
| 14 || 13 ||  5 ||  0 |
51.
|  2 ||  8 ||  1 || 12 |
| 15 ||  9 ||  7 ||  3 |
| 10 ||  4 || 19 || 18 |
| 16 || 14 || 11 ||  0 |
52.
|  5 || 13 ||  2 ||  1 |
|  6 || 17 || 15 ||  8 |
| 12 ||  3 ||  9 ||  7 |
| 19 || 14 || 10 ||  0 |
53.
|  4 || 16 || 13 ||  2 |
|  5 || 18 || 17 ||  6 |
| 15 ||  3 ||  8 ||  9 |
| 19 || 12 ||  1 ||  0 |
54.
|  7 ||  4 || 13 || 10 |
|  2 ||  5 || 17 || 18 |
| 14 || 11 || 15 ||  6 |
|  3 ||  8 || 19 ||  0 |
55.
|  7 ||  9 ||  4 || 13 |
|  2 || 10 || 12 ||  1 |
|  5 || 16 || 14 || 18 |
| 17 ||  6 || 11 ||  0 |
56.
| 19 || 15 ||  9 ||  3 |
| 13 ||  4 ||  7 ||  1 |
| 10 || 12 ||  2 || 16 |
|  5 || 17 || 18 ||  0 |
57.
|  6 || 15 || 14 ||  9 |
| 11 ||  8 ||  7 ||  4 |
|  3 || 13 || 19 ||  2 |
| 16 || 17 || 10 ||  0 |
58.
|  5 ||  1 || 18 ||  6 |
| 14 || 15 ||  9 ||  7 |
|  8 || 13 || 11 ||  4 |
|  3 || 19 || 16 ||  0 |
59.
| 10 || 12 || 18 ||  2 |
|  6 || 15 ||  9 || 17 |
|  8 || 14 ||  1 ||  5 |
| 13 || 11 || 16 ||  0 |
60.
|  4 || 10 || 18 || 19 |
| 12 ||  2 || 15 ||  9 |
| 17 ||  7 || 14 ||  1 |
|  6 ||  5 ||  3 ||  0 |
61.
| 11 ||  4 || 10 || 16 |
| 18 ||  2 || 15 || 19 |
| 17 ||  8 || 12 || 13 |
|  1 ||  7 ||  5 ||  0 |
62.
|  3 ||  6 || 11 ||  4 |
| 18 || 16 || 10 || 14 |
| 19 ||  9 || 17 || 13 |
| 12 || 15 ||  5 ||  0 |
63.
|  3 ||  6 ||  1 ||  2 |
| 18 || 11 || 16 ||  7 |
| 19 || 14 ||  4 || 10 |
| 17 || 15 ||  8 ||  0 |
64.
|  5 || 13 ||  9 ||  6 |
| 12 ||  2 || 11 ||  3 |
|  7 ||  1 || 19 || 16 |
|  4 || 18 ||  8 ||  0 |
65.
| 15 || 17 || 13 || 10 |
|  5 ||  9 || 11 || 14 |
| 12 ||  3 || 19 ||  6 |
|  1 ||  4 ||  7 ||  0 |
66.
| 15 || 16 || 18 || 13 |
|  8 ||  2 || 10 || 17 |
| 14 ||  3 ||  9 || 19 |
|  1 ||  5 || 12 ||  0 |
67.
| 11 ||  6 || 16 || 15 |
| 13 ||  2 || 10 ||  7 |
| 17 ||  3 ||  9 ||  4 |
| 18 ||  1 ||  5 ||  0 |
68.
|  8 || 11 ||  6 || 14 |
| 15 || 16 || 13 ||  2 |
| 19 || 12 ||  7 ||  3 |
|  9 || 17 ||  1 ||  0 |
69.
| 10 || 18 ||  8 || 11 |
| 15 || 14 ||  5 || 13 |
|  6 || 12 ||  4 || 19 |
|  2 || 17 ||  1 ||  0 |
70.
| 16 || 18 ||  9 ||  8 |
|  7 || 11 ||  3 || 15 |
|  5 || 12 ||  4 ||  6 |
| 10 || 17 || 13 ||  0 |
71.
|  1 ||  2 || 14 || 18 |
|  8 ||  9 || 11 || 16 |
| 19 ||  5 || 15 ||  4 |
|  3 || 10 || 12 ||  0 |
72.
|  1 ||  7 || 13 ||  6 |
| 18 ||  8 || 14 ||  9 |
| 17 || 11 ||  5 ||  2 |
|  4 || 19 ||  3 ||  0 |
73.
| 10 || 16 || 15 ||  7 |
| 12 ||  6 || 14 || 18 |
|  8 ||  1 || 11 || 13 |
| 17 ||  2 ||  5 ||  0 |
74.
|  4 || 10 || 19 || 15 |
|  3 || 16 || 12 ||  6 |
|  8 ||  7 || 18 ||  9 |
| 14 || 11 || 13 ||  0 |
75.
|  2 || 10 ||  5 || 17 |
| 19 || 16 ||  1 ||  3 |
|  4 ||  7 ||  6 || 18 |
|  8 || 15 || 11 ||  0 |
76.
| 13 || 14 ||  2 || 10 |
| 19 ||  9 || 12 ||  3 |
|  1 ||  4 || 16 || 18 |
|  6 ||  5 ||  7 ||  0 |
77.
| 17 ||  8 || 14 || 15 |
| 13 ||  9 || 10 || 12 |
| 11 ||  1 || 16 || 19 |
| 18 ||  6 ||  5 ||  0 |
78.
|  7 ||  8 ||  2 || 17 |
|  3 || 14 ||  4 || 12 |
| 13 ||  9 ||  1 || 15 |
| 10 ||  6 || 11 ||  0 |
79.
| 19 || 18 ||  5 || 17 |
| 16 || 14 ||  3 ||  8 |
|  7 ||  2 ||  9 || 13 |
| 10 || 15 ||  6 ||  0 |
80.
| 11 ||  1 ||  5 || 18 |
| 17 ||  4 || 19 || 16 |
|  8 ||  7 ||  9 ||  2 |
| 12 || 10 || 15 ||  0 |
81.
|  6 || 14 ||  1 || 18 |
| 17 ||  4 || 13 || 16 |
|  5 ||  8 || 19 ||  3 |
| 12 || 10 ||  2 ||  0 |
82.
|  6 || 15 || 14 ||  1 |
| 17 || 18 ||  9 ||  4 |
|  5 ||  8 || 16 || 11 |
| 19 || 13 ||  2 ||  0 |
83.
|  3 || 15 ||  7 || 12 |
| 17 ||  1 || 14 ||  6 |
|  5 ||  8 || 16 || 10 |
|  9 ||  4 || 18 ||  0 |
84.
|  2 || 15 ||  7 || 12 |
| 13 || 19 || 11 || 17 |
| 14 ||  6 ||  1 || 10 |
| 16 ||  3 ||  4 ||  0 |
85.
|  9 ||  5 ||  7 ||  8 |
| 18 || 13 || 15 || 12 |
| 14 || 19 ||  6 ||  1 |
| 17 || 11 || 16 ||  0 |
86.
| 10 ||  4 ||  3 ||  2 |
|  5 ||  7 || 15 || 18 |
| 14 ||  9 || 13 ||  6 |
|  8 || 11 || 12 ||  0 |
87.
| 17 ||  1 ||  3 ||  2 |
| 10 ||  7 || 16 ||  4 |
|  5 ||  9 || 14 || 15 |
|  6 || 11 ||  8 ||  0 |
88.
| 18 || 17 ||  1 ||  2 |
| 12 || 10 || 19 ||  7 |
| 16 ||  5 ||  9 ||  4 |
| 13 || 15 ||  3 ||  0 |
89.
| 14 || 11 ||  8 || 18 |
|  1 ||  2 || 12 || 10 |
|  6 || 19 || 17 ||  9 |
| 16 ||  4 || 15 ||  0 |
90.
| 13 ||  5 ||  7 ||  3 |
| 11 || 14 ||  1 || 12 |
|  2 ||  6 || 10 || 17 |
|  8 ||  9 || 19 ||  0 |
91.
| 13 || 16 || 15 ||  3 |
|  7 || 18 || 14 || 12 |
| 11 ||  1 ||  6 || 10 |
|  2 ||  8 || 17 ||  0 |
92.
| 19 ||  4 || 13 || 16 |
|  7 ||  9 ||  3 || 18 |
| 15 || 11 || 12 ||  5 |
| 14 ||  2 ||  8 ||  0 |
93.
| 10 ||  6 ||  1 || 16 |
| 13 || 17 ||  7 ||  3 |
| 19 ||  4 || 18 || 15 |
|  5 || 12 ||  9 ||  0 |
94.
|  8 ||  2 || 11 ||  1 |
| 16 || 10 ||  7 || 13 |
| 19 ||  4 ||  3 || 18 |
|  5 || 15 || 17 ||  0 |
95.
|  6 || 14 ||  9 ||  2 |
| 11 ||  1 || 12 || 16 |
|  8 ||  7 ||  4 || 10 |
| 13 ||  5 || 17 ||  0 |
96.
|  6 || 14 ||  9 || 18 |
| 15 ||  1 || 11 ||  2 |
| 12 || 16 ||  3 ||  8 |
| 10 ||  5 || 17 ||  0 |
97.
|  7 || 13 ||  6 ||  4 |
| 19 || 15 || 14 || 11 |
| 12 ||  2 ||  3 || 16 |
|  1 || 10 || 18 ||  0 |
98.
|  8 ||  5 ||  6 || 13 |
|  4 || 19 || 15 || 11 |
|  7 || 17 || 14 ||  2 |
|  1 || 16 || 10 ||  0 |
99.
|  9 || 12 || 18 ||  8 |
|  6 || 13 || 19 ||  4 |
| 11 ||  3 ||  5 ||  2 |
| 15 || 14 ||  1 ||  0 |
100.
|  7 || 16 || 17 || 10 |
|  8 ||  9 || 13 ||  6 |
|  4 || 11 || 18 ||  5 |
| 19 ||  2 || 12 ||  0 |
